Пример двух записанных импульсов:


  507
  512
  516
  510
  505
  510
  516
  512
  513
  504
  366
  385
  487
  561
  594
  596
  583
  565
  543
  531
  532
  528
  522
  516
  510
  499
  498
  499
  496
  499
  496
  496
  497
  497
  498
  501
  508
  510
  508
  507
  508
  506
  502
  501
  504
  503
  503
  507
  505
  503
  505
  508
  515
  517
  521
  520
  515
  513
  513

  515
  520
  520
  510
  502
  503
  505
  506
  513
  515
  456
  375
  441
  532
  577
  589
  583
  568
  545
  529
  523
  520
  518
  513
  510
  513
  509
  508
  505
  500
  504
  508
  503
  503
  506
  499
  497
  497
  494
  493
  487
  488
  493
  503
  509
  508
  512
  512
  517
  516
  514
  514
  516
  516
  512
  512
  519
  518
  518
  514
  515
  509
  510
  512
  518
  525
  518
  515
  517
  520
  523
  521
  519
  515
  507
  505
  505
  503
  499
  504
